  1     1    12   238    87
  2    12    13   239   238
  3    13    14   240   239
  4    14    15   241   240
  5    15    16   242   241
  6    16    17   243   242
  7    17    18   244   243
  8    18    19   245   244
  9    19    20   246   245
 10    20    21   247   246
 11    21    22   248   247
 12    22    23   249   248
 13    23    24   250   249
 14    24    25   251   250
 15    25    26   252   251
 16    26    27   253   252
 17    27    28   254   253
 18    28    29   255   254
 19    29    30   256   255
 20    30     2    31   256
 21    87   238   257    86
 22   238   239   258   257
 23   239   240   259   258
 24   240   241   260   259
 25   241   242   261   260
 26   242   243   262   261
 27   243   244   263   262
 28   244   245   264   263
 29   245   246   265   264
 30   246   247   266   265
 31   247   248   267   266
 32   248   249   268   267
 33   249   250   269   268
 34   250   251   270   269
 35   251   252   271   270
 36   252   253   272   271
 37   253   254   273   272
 38   254   255   274   273
 39   255   256   275   274
 40   256    31    32   275
 41    86   257   276    85
 42   257   258   277   276
 43   258   259   278   277
 44   259   260   279   278
 45   260   261   280   279
 46   261   262   281   280
 47   262   263   282   281
 48   263   264   283   282
 49   264   265   284   283
 50   265   266   285   284
 51   266   267   286   285
 52   267   268   287   286
 53   268   269   288   287
 54   269   270   289   288
 55   270   271   290   289
 56   271   272   291   290
 57   272   273   292   291
 58   273   274   293   292
 59   274   275   294   293
 60   275    32    33   294
 61    85   276   295    84
 62   276   277   296   295
 63   277   278   297   296
 64   278   279   298   297
 65   279   280   299   298
 66   280   281   300   299
 67   281   282   301   300
 68   282   283   302   301
 69   283   284   303   302
 70   284   285   304   303
 71   285   286   305   304
 72   286   287   306   305
 73   287   288   307   306
 74   288   289   308   307
 75   289   290   309   308
 76   290   291   310   309
 77   291   292   311   310
 78   292   293   312   311
 79   293   294   313   312
 80   294    33    34   313
 81    84   295   314    83
 82   295   296   315   314
 83   296   297   316   315
 84   297   298   317   316
 85   298   299   318   317
 86   299   300   319   318
 87   300   301   320   319
 88   301   302   321   320
 89   302   303   322   321
 90   303   304   323   322
 91   304   305   324   323
 92   305   306   325   324
 93   306   307   326   325
 94   307   308   327   326
 95   308   309   328   327
 96   309   310   329   328
 97   310   311   330   329
 98   311   312   331   330
 99   312   313   332   331
100   313    34    35   332
101    83   314   333    82
102   314   315   334   333
103   315   316   335   334
104   316   317   336   335
105   317   318   337   336
106   318   319   338   337
107   319   320   339   338
108   320   321   340   339
109   321   322   341   340
110   322   323   342   341
111   323   324   343   342
112   324   325   344   343
113   325   326   345   344
114   326   327   346   345
115   327   328   347   346
116   328   329   348   347
117   329   330   349   348
118   330   331   350   349
119   331   332   351   350
120   332    35    36   351
121    82   333   352    81
122   333   334   353   352
123   334   335   354   353
124   335   336   355   354
125   336   337   356   355
126   337   338   357   356
127   338   339   358   357
128   339   340   359   358
129   340   341   360   359
130   341   342   361   360
131   342   343   362   361
132   343   344   363   362
133   344   345   364   363
134   345   346   365   364
135   346   347   366   365
136   347   348   367   366
137   348   349   368   367
138   349   350   369   368
139   350   351   370   369
140   351    36    37   370
141    81   352   371    80
142   352   353   372   371
143   353   354   373   372
144   354   355   374   373
145   355   356   375   374
146   356   357   376   375
147   357   358   377   376
148   358   359   378   377
149   359   360   379   378
150   360   361   380   379
151   361   362   381   380
152   362   363   382   381
153   363   364   383   382
154   364   365   384   383
155   365   366   385   384
156   366   367   386   385
157   367   368   387   386
158   368   369   388   387
159   369   370   389   388
160   370    37    38   389
161    80   371   390    79
162   371   372   391   390
163   372   373   392   391
164   373   374   393   392
165   374   375   394   393
166   375   376   395   394
167   376   377   396   395
168   377   378   397   396
169   378   379   398   397
170   379   380   399   398
171   380   381   400   399
172   381   382   401   400
173   382   383   402   401
174   383   384   403   402
175   384   385   404   403
176   385   386   405   404
177   386   387   406   405
178   387   388   407   406
179   388   389   408   407
180   389    38    39   408
181    79   390   409    78
182   390   391   410   409
183   391   392   411   410
184   392   393   412   411
185   393   394   413   412
186   394   395   414   413
187   395   396   415   414
188   396   397   416   415
189   397   398   417   416
190   398   399   418   417
191   399   400   419   418
192   400   401   420   419
193   401   402   421   420
194   402   403   422   421
195   403   404   423   422
196   404   405   424   423
197   405   406   425   424
198   406   407   426   425
199   407   408   427   426
200   408    39    40   427
201    78   409   428    77
202   409   410   429   428
203   410   411   430   429
204   411   412   431   430
205   412   413   432   431
206   413   414   433   432
207   414   415   434   433
208   415   416   435   434
209   416   417   436   435
210   417   418   437   436
211   418   419   438   437
212   419   420   439   438
213   420   421   440   439
214   421   422   441   440
215   422   423   442   441
216   423   424   443   442
217   424   425   444   443
218   425   426   445   444
219   426   427   446   445
220   427    40    41   446
221    77   428   447    76
222   428   429   448   447
223   429   430   449   448
224   430   431   450   449
225   431   432   451   450
226   432   433   452   451
227   433   434   453   452
228   434   435   454   453
229   435   436   455   454
230   436   437   456   455
231   437   438   457   456
232   438   439   458   457
233   439   440   459   458
234   440   441   460   459
235   441   442   461   460
236   442   443   462   461
237   443   444   463   462
238   444   445   464   463
239   445   446   465   464
240   446    41    42   465
241    76   447   466    75
242   447   448   467   466
243   448   449   468   467
244   449   450   469   468
245   450   451   470   469
246   451   452   471   470
247   452   453   472   471
248   453   454   473   472
249   454   455   474   473
250   455   456   475   474
251   456   457   476   475
252   457   458   477   476
253   458   459   478   477
254   459   460   479   478
255   460   461   480   479
256   461   462   481   480
257   462   463   482   481
258   463   464   483   482
259   464   465   484   483
260   465    42    43   484
261    75   466   485    74
262   466   467   486   485
263   467   468   487   486
264   468   469   488   487
265   469   470   489   488
266   470   471   490   489
267   471   472   491   490
268   472   473   492   491
269   473   474   493   492
270   474   475   494   493
271   475   476   495   494
272   476   477   496   495
273   477   478   497   496
274   478   479   498   497
275   479   480   499   498
276   480   481   500   499
277   481   482   501   500
278   482   483   502   501
279   483   484   503   502
280   484    43    44   503
281    74   485   504    73
282   485   486   505   504
283   486   487   506   505
284   487   488   507   506
285   488   489   508   507
286   489   490   509   508
287   490   491   510   509
288   491   492   511   510
289   492   493   512   511
290   493   494   513   512
291   494   495   514   513
292   495   496   515   514
293   496   497   516   515
294   497   498   517   516
295   498   499   518   517
296   499   500   519   518
297   500   501   520   519
298   501   502   521   520
299   502   503   522   521
300   503    44    45   522
301    73   504   523    72
302   504   505   524   523
303   505   506   525   524
304   506   507   526   525
305   507   508   527   526
306   508   509   528   527
307   509   510   529   528
308   510   511   530   529
309   511   512   531   530
310   512   513   532   531
311   513   514   533   532
312   514   515   534   533
313   515   516   535   534
314   516   517   536   535
315   517   518   537   536
316   518   519   538   537
317   519   520   539   538
318   520   521   540   539
319   521   522   541   540
320   522    45    46   541
321    72   523   542    71
322   523   524   543   542
323   524   525   544   543
324   525   526   545   544
325   526   527   546   545
326   527   528   547   546
327   528   529   548   547
328   529   530   549   548
329   530   531   550   549
330   531   532   551   550
331   532   533   552   551
332   533   534   553   552
333   534   535   554   553
334   535   536   555   554
335   536   537   556   555
336   537   538   557   556
337   538   539   558   557
338   539   540   559   558
339   540   541   560   559
340   541    46    47   560
341    71   542   561    70
342   542   543   562   561
343   543   544   563   562
344   544   545   564   563
345   545   546   565   564
346   546   547   566   565
347   547   548   567   566
348   548   549   568   567
349   549   550   569   568
350   550   551   570   569
351   551   552   571   570
352   552   553   572   571
353   553   554   573   572
354   554   555   574   573
355   555   556   575   574
356   556   557   576   575
357   557   558   577   576
358   558   559   578   577
359   559   560   579   578
360   560    47    48   579
361    70   561   580    69
362   561   562   581   580
363   562   563   582   581
364   563   564   583   582
365   564   565   584   583
366   565   566   585   584
367   566   567   586   585
368   567   568   587   586
369   568   569   588   587
370   569   570   589   588
371   570   571   590   589
372   571   572   591   590
373   572   573   592   591
374   573   574   593   592
375   574   575   594   593
376   575   576   595   594
377   576   577   596   595
378   577   578   597   596
379   578   579   598   597
380   579    48    49   598
381    69   580    68     4
382   580   581    67    68
383   581   582    66    67
384   582   583    65    66
385   583   584    64    65
386   584   585    63    64
387   585   586    62    63
388   586   587    61    62
389   587   588    60    61
390   588   589    59    60
391   589   590    58    59
392   590   591    57    58
393   591   592    56    57
394   592   593    55    56
395   593   594    54    55
396   594   595    53    54
397   595   596    52    53
398   596   597    51    52
399   597   598    50    51
400   598    49     3    50
401     1    88   599    12
402    88    89   600   599
403    89    90   601   600
404    90    91   602   601
405    91    92   603   602
406    92    93   604   603
407    93    94   605   604
408    94    95   606   605
409    95    96   607   606
410    96    97   608   607
411    97    98   609   608
412    98    99   610   609
413    99   100   611   610
414   100   101   612   611
415   101   102   613   612
416   102   103   614   613
417   103   104   615   614
418   104   105   616   615
419   105   106   617   616
420   106     5   107   617
421    12   599   618    13
422   599   600   619   618
423   600   601   620   619
424   601   602   621   620
425   602   603   622   621
426   603   604   623   622
427   604   605   624   623
428   605   606   625   624
429   606   607   626   625
430   607   608   627   626
431   608   609   628   627
432   609   610   629   628
433   610   611   630   629
434   611   612   631   630
435   612   613   632   631
436   613   614   633   632
437   614   615   634   633
438   615   616   635   634
439   616   617   636   635
440   617   107   108   636
441    13   618   637    14
442   618   619   638   637
443   619   620   639   638
444   620   621   640   639
445   621   622   641   640
446   622   623   642   641
447   623   624   643   642
448   624   625   644   643
449   625   626   645   644
450   626   627   646   645
451   627   628   647   646
452   628   629   648   647
453   629   630   649   648
454   630   631   650   649
455   631   632   651   650
456   632   633   652   651
457   633   634   653   652
458   634   635   654   653
459   635   636   655   654
460   636   108   109   655
461    14   637   656    15
462   637   638   657   656
463   638   639   658   657
464   639   640   659   658
465   640   641   660   659
466   641   642   661   660
467   642   643   662   661
468   643   644   663   662
469   644   645   664   663
470   645   646   665   664
471   646   647   666   665
472   647   648   667   666
473   648   649   668   667
474   649   650   669   668
475   650   651   670   669
476   651   652   671   670
477   652   653   672   671
478   653   654   673   672
479   654   655   674   673
480   655   109   110   674
481    15   656   675    16
482   656   657   676   675
483   657   658   677   676
484   658   659   678   677
485   659   660   679   678
486   660   661   680   679
487   661   662   681   680
488   662   663   682   681
489   663   664   683   682
490   664   665   684   683
491   665   666   685   684
492   666   667   686   685
493   667   668   687   686
494   668   669   688   687
495   669   670   689   688
496   670   671   690   689
497   671   672   691   690
498   672   673   692   691
499   673   674   693   692
500   674   110   111   693
501    16   675   694    17
502   675   676   695   694
503   676   677   696   695
504   677   678   697   696
505   678   679   698   697
506   679   680   699   698
507   680   681   700   699
508   681   682   701   700
509   682   683   702   701
510   683   684   703   702
511   684   685   704   703
512   685   686   705   704
513   686   687   706   705
514   687   688   707   706
515   688   689   708   707
516   689   690   709   708
517   690   691   710   709
518   691   692   711   710
519   692   693   712   711
520   693   111   112   712
521    17   694   713    18
522   694   695   714   713
523   695   696   715   714
524   696   697   716   715
525   697   698   717   716
526   698   699   718   717
527   699   700   719   718
528   700   701   720   719
529   701   702   721   720
530   702   703   722   721
531   703   704   723   722
532   704   705   724   723
533   705   706   725   724
534   706   707   726   725
535   707   708   727   726
536   708   709   728   727
537   709   710   729   728
538   710   711   730   729
539   711   712   731   730
540   712   112   113   731
541    18   713   732    19
542   713   714   733   732
543   714   715   734   733
544   715   716   735   734
545   716   717   736   735
546   717   718   737   736
547   718   719   738   737
548   719   720   739   738
549   720   721   740   739
550   721   722   741   740
551   722   723   742   741
552   723   724   743   742
553   724   725   744   743
554   725   726   745   744
555   726   727   746   745
556   727   728   747   746
557   728   729   748   747
558   729   730   749   748
559   730   731   750   749
560   731   113   114   750
561    19   732   751    20
562   732   733   752   751
563   733   734   753   752
564   734   735   754   753
565   735   736   755   754
566   736   737   756   755
567   737   738   757   756
568   738   739   758   757
569   739   740   759   758
570   740   741   760   759
571   741   742   761   760
572   742   743   762   761
573   743   744   763   762
574   744   745   764   763
575   745   746   765   764
576   746   747   766   765
577   747   748   767   766
578   748   749   768   767
579   749   750   769   768
580   750   114   115   769
581    20   751   770    21
582   751   752   771   770
583   752   753   772   771
584   753   754   773   772
585   754   755   774   773
586   755   756   775   774
587   756   757   776   775
588   757   758   777   776
589   758   759   778   777
590   759   760   779   778
591   760   761   780   779
592   761   762   781   780
593   762   763   782   781
594   763   764   783   782
595   764   765   784   783
596   765   766   785   784
597   766   767   786   785
598   767   768   787   786
599   768   769   788   787
600   769   115   116   788
601    21   770   789    22
602   770   771   790   789
603   771   772   791   790
604   772   773   792   791
605   773   774   793   792
606   774   775   794   793
607   775   776   795   794
608   776   777   796   795
609   777   778   797   796
610   778   779   798   797
611   779   780   799   798
612   780   781   800   799
613   781   782   801   800
614   782   783   802   801
615   783   784   803   802
616   784   785   804   803
617   785   786   805   804
618   786   787   806   805
619   787   788   807   806
620   788   116   117   807
621    22   789   808    23
622   789   790   809   808
623   790   791   810   809
624   791   792   811   810
625   792   793   812   811
626   793   794   813   812
627   794   795   814   813
628   795   796   815   814
629   796   797   816   815
630   797   798   817   816
631   798   799   818   817
632   799   800   819   818
633   800   801   820   819
634   801   802   821   820
635   802   803   822   821
636   803   804   823   822
637   804   805   824   823
638   805   806   825   824
639   806   807   826   825
640   807   117   118   826
641    23   808   827    24
642   808   809   828   827
643   809   810   829   828
644   810   811   830   829
645   811   812   831   830
646   812   813   832   831
647   813   814   833   832
648   814   815   834   833
649   815   816   835   834
650   816   817   836   835
651   817   818   837   836
652   818   819   838   837
653   819   820   839   838
654   820   821   840   839
655   821   822   841   840
656   822   823   842   841
657   823   824   843   842
658   824   825   844   843
659   825   826   845   844
660   826   118   119   845
661    24   827   846    25
662   827   828   847   846
663   828   829   848   847
664   829   830   849   848
665   830   831   850   849
666   831   832   851   850
667   832   833   852   851
668   833   834   853   852
669   834   835   854   853
670   835   836   855   854
671   836   837   856   855
672   837   838   857   856
673   838   839   858   857
674   839   840   859   858
675   840   841   860   859
676   841   842   861   860
677   842   843   862   861
678   843   844   863   862
679   844   845   864   863
680   845   119   120   864
681    25   846   865    26
682   846   847   866   865
683   847   848   867   866
684   848   849   868   867
685   849   850   869   868
686   850   851   870   869
687   851   852   871   870
688   852   853   872   871
689   853   854   873   872
690   854   855   874   873
691   855   856   875   874
692   856   857   876   875
693   857   858   877   876
694   858   859   878   877
695   859   860   879   878
696   860   861   880   879
697   861   862   881   880
698   862   863   882   881
699   863   864   883   882
700   864   120   121   883
701    26   865   884    27
702   865   866   885   884
703   866   867   886   885
704   867   868   887   886
705   868   869   888   887
706   869   870   889   888
707   870   871   890   889
708   871   872   891   890
709   872   873   892   891
710   873   874   893   892
711   874   875   894   893
712   875   876   895   894
713   876   877   896   895
714   877   878   897   896
715   878   879   898   897
716   879   880   899   898
717   880   881   900   899
718   881   882   901   900
719   882   883   902   901
720   883   121   122   902
721    27   884   903    28
722   884   885   904   903
723   885   886   905   904
724   886   887   906   905
725   887   888   907   906
726   888   889   908   907
727   889   890   909   908
728   890   891   910   909
729   891   892   911   910
730   892   893   912   911
731   893   894   913   912
732   894   895   914   913
733   895   896   915   914
734   896   897   916   915
735   897   898   917   916
736   898   899   918   917
737   899   900   919   918
738   900   901   920   919
739   901   902   921   920
740   902   122   123   921
741    28   903   922    29
742   903   904   923   922
743   904   905   924   923
744   905   906   925   924
745   906   907   926   925
746   907   908   927   926
747   908   909   928   927
748   909   910   929   928
749   910   911   930   929
750   911   912   931   930
751   912   913   932   931
752   913   914   933   932
753   914   915   934   933
754   915   916   935   934
755   916   917   936   935
756   917   918   937   936
757   918   919   938   937
758   919   920   939   938
759   920   921   940   939
760   921   123   124   940
761    29   922   941    30
762   922   923   942   941
763   923   924   943   942
764   924   925   944   943
765   925   926   945   944
766   926   927   946   945
767   927   928   947   946
768   928   929   948   947
769   929   930   949   948
770   930   931   950   949
771   931   932   951   950
772   932   933   952   951
773   933   934   953   952
774   934   935   954   953
775   935   936   955   954
776   936   937   956   955
777   937   938   957   956
778   938   939   958   957
779   939   940   959   958
780   940   124   125   959
781    30   941   144     2
782   941   942   143   144
783   942   943   142   143
784   943   944   141   142
785   944   945   140   141
786   945   946   139   140
787   946   947   138   139
788   947   948   137   138
789   948   949   136   137
790   949   950   135   136
791   950   951   134   135
792   951   952   133   134
793   952   953   132   133
794   953   954   131   132
795   954   955   130   131
796   955   956   129   130
797   956   957   128   129
798   957   958   127   128
799   958   959   126   127
800   959   125     6   126
 801   1701   1700    960    183
 802   1700   1699    961    960
 803   1699   1698    962    961
 804   1698   1697    963    962
 805   1697   1696    964    963
 806   1696   1695    965    964
 807   1695   1694    966    965
 808   1694   1693    967    966
 809   1693   1692    968    967
 810   1692   1691    969    968
 811   1691   1690    970    969
 812   1690   1689    971    970
 813   1689   1688    972    971
 814   1688   1687    973    972
 815   1687   1686    974    973
 816   1686   1685    975    974
 817   1685   1684    976    975
 818   1684   1683    977    976
 819   1683   1682    978    977
 820   1682      1     87    978
 821    183    960    979      8
 822    960    961    980    979
 823    961    962    981    980
 824    962    963    982    981
 825    963    964    983    982
 826    964    965    984    983
 827    965    966    985    984
 828    966    967    986    985
 829    967    968    987    986
 830    968    969    988    987
 831    969    970    989    988
 832    970    971    990    989
 833    971    972    991    990
 834    972    973    992    991
 835    973    974    993    992
 836    974    975    994    993
 837    975    976    995    994
 838    976    977    996    995
 839    977    978    997    996
 840    978     87     86    997
 841      8    979    998    200
 842    979    980    999    998
 843    980    981   1000    999
 844    981    982   1001   1000
 845    982    983   1002   1001
 846    983    984   1003   1002
 847    984    985   1004   1003
 848    985    986   1005   1004
 849    986    987   1006   1005
 850    987    988   1007   1006
 851    988    989   1008   1007
 852    989    990   1009   1008
 853    990    991   1010   1009
 854    991    992   1011   1010
 855    992    993   1012   1011
 856    993    994   1013   1012
 857    994    995   1014   1013
 858    995    996   1015   1014
 859    996    997   1016   1015
 860    997     86     85   1016
 861    200    998   1017    199
 862    998    999   1018   1017
 863    999   1000   1019   1018
 864   1000   1001   1020   1019
 865   1001   1002   1021   1020
 866   1002   1003   1022   1021
 867   1003   1004   1023   1022
 868   1004   1005   1024   1023
 869   1005   1006   1025   1024
 870   1006   1007   1026   1025
 871   1007   1008   1027   1026
 872   1008   1009   1028   1027
 873   1009   1010   1029   1028
 874   1010   1011   1030   1029
 875   1011   1012   1031   1030
 876   1012   1013   1032   1031
 877   1013   1014   1033   1032
 878   1014   1015   1034   1033
 879   1015   1016   1035   1034
 880   1016     85     84   1035
 881    199   1017   1036    198
 882   1017   1018   1037   1036
 883   1018   1019   1038   1037
 884   1019   1020   1039   1038
 885   1020   1021   1040   1039
 886   1021   1022   1041   1040
 887   1022   1023   1042   1041
 888   1023   1024   1043   1042
 889   1024   1025   1044   1043
 890   1025   1026   1045   1044
 891   1026   1027   1046   1045
 892   1027   1028   1047   1046
 893   1028   1029   1048   1047
 894   1029   1030   1049   1048
 895   1030   1031   1050   1049
 896   1031   1032   1051   1050
 897   1032   1033   1052   1051
 898   1033   1034   1053   1052
 899   1034   1035   1054   1053
 900   1035     84     83   1054
 901    198   1036   1055    197
 902   1036   1037   1056   1055
 903   1037   1038   1057   1056
 904   1038   1039   1058   1057
 905   1039   1040   1059   1058
 906   1040   1041   1060   1059
 907   1041   1042   1061   1060
 908   1042   1043   1062   1061
 909   1043   1044   1063   1062
 910   1044   1045   1064   1063
 911   1045   1046   1065   1064
 912   1046   1047   1066   1065
 913   1047   1048   1067   1066
 914   1048   1049   1068   1067
 915   1049   1050   1069   1068
 916   1050   1051   1070   1069
 917   1051   1052   1071   1070
 918   1052   1053   1072   1071
 919   1053   1054   1073   1072
 920   1054     83     82   1073
 921    197   1055   1074    196
 922   1055   1056   1075   1074
 923   1056   1057   1076   1075
 924   1057   1058   1077   1076
 925   1058   1059   1078   1077
 926   1059   1060   1079   1078
 927   1060   1061   1080   1079
 928   1061   1062   1081   1080
 929   1062   1063   1082   1081
 930   1063   1064   1083   1082
 931   1064   1065   1084   1083
 932   1065   1066   1085   1084
 933   1066   1067   1086   1085
 934   1067   1068   1087   1086
 935   1068   1069   1088   1087
 936   1069   1070   1089   1088
 937   1070   1071   1090   1089
 938   1071   1072   1091   1090
 939   1072   1073   1092   1091
 940   1073     82     81   1092
 941    196   1074   1093    195
 942   1074   1075   1094   1093
 943   1075   1076   1095   1094
 944   1076   1077   1096   1095
 945   1077   1078   1097   1096
 946   1078   1079   1098   1097
 947   1079   1080   1099   1098
 948   1080   1081   1100   1099
 949   1081   1082   1101   1100
 950   1082   1083   1102   1101
 951   1083   1084   1103   1102
 952   1084   1085   1104   1103
 953   1085   1086   1105   1104
 954   1086   1087   1106   1105
 955   1087   1088   1107   1106
 956   1088   1089   1108   1107
 957   1089   1090   1109   1108
 958   1090   1091   1110   1109
 959   1091   1092   1111   1110
 960   1092     81     80   1111
 961    195   1093   1112    194
 962   1093   1094   1113   1112
 963   1094   1095   1114   1113
 964   1095   1096   1115   1114
 965   1096   1097   1116   1115
 966   1097   1098   1117   1116
 967   1098   1099   1118   1117
 968   1099   1100   1119   1118
 969   1100   1101   1120   1119
 970   1101   1102   1121   1120
 971   1102   1103   1122   1121
 972   1103   1104   1123   1122
 973   1104   1105   1124   1123
 974   1105   1106   1125   1124
 975   1106   1107   1126   1125
 976   1107   1108   1127   1126
 977   1108   1109   1128   1127
 978   1109   1110   1129   1128
 979   1110   1111   1130   1129
 980   1111     80     79   1130
 981    194   1112   1131    193
 982   1112   1113   1132   1131
 983   1113   1114   1133   1132
 984   1114   1115   1134   1133
 985   1115   1116   1135   1134
 986   1116   1117   1136   1135
 987   1117   1118   1137   1136
 988   1118   1119   1138   1137
 989   1119   1120   1139   1138
 990   1120   1121   1140   1139
 991   1121   1122   1141   1140
 992   1122   1123   1142   1141
 993   1123   1124   1143   1142
 994   1124   1125   1144   1143
 995   1125   1126   1145   1144
 996   1126   1127   1146   1145
 997   1127   1128   1147   1146
 998   1128   1129   1148   1147
 999   1129   1130   1149   1148
1000   1130     79     78   1149
1001    193   1131   1150    192
1002   1131   1132   1151   1150
1003   1132   1133   1152   1151
1004   1133   1134   1153   1152
1005   1134   1135   1154   1153
1006   1135   1136   1155   1154
1007   1136   1137   1156   1155
1008   1137   1138   1157   1156
1009   1138   1139   1158   1157
1010   1139   1140   1159   1158
1011   1140   1141   1160   1159
1012   1141   1142   1161   1160
1013   1142   1143   1162   1161
1014   1143   1144   1163   1162
1015   1144   1145   1164   1163
1016   1145   1146   1165   1164
1017   1146   1147   1166   1165
1018   1147   1148   1167   1166
1019   1148   1149   1168   1167
1020   1149     78     77   1168
1021    192   1150   1169    191
1022   1150   1151   1170   1169
1023   1151   1152   1171   1170
1024   1152   1153   1172   1171
1025   1153   1154   1173   1172
1026   1154   1155   1174   1173
1027   1155   1156   1175   1174
1028   1156   1157   1176   1175
1029   1157   1158   1177   1176
1030   1158   1159   1178   1177
1031   1159   1160   1179   1178
1032   1160   1161   1180   1179
1033   1161   1162   1181   1180
1034   1162   1163   1182   1181
1035   1163   1164   1183   1182
1036   1164   1165   1184   1183
1037   1165   1166   1185   1184
1038   1166   1167   1186   1185
1039   1167   1168   1187   1186
1040   1168     77     76   1187
1041    191   1169   1188    190
1042   1169   1170   1189   1188
1043   1170   1171   1190   1189
1044   1171   1172   1191   1190
1045   1172   1173   1192   1191
1046   1173   1174   1193   1192
1047   1174   1175   1194   1193
1048   1175   1176   1195   1194
1049   1176   1177   1196   1195
1050   1177   1178   1197   1196
1051   1178   1179   1198   1197
1052   1179   1180   1199   1198
1053   1180   1181   1200   1199
1054   1181   1182   1201   1200
1055   1182   1183   1202   1201
1056   1183   1184   1203   1202
1057   1184   1185   1204   1203
1058   1185   1186   1205   1204
1059   1186   1187   1206   1205
1060   1187     76     75   1206
1061    190   1188   1207    189
1062   1188   1189   1208   1207
1063   1189   1190   1209   1208
1064   1190   1191   1210   1209
1065   1191   1192   1211   1210
1066   1192   1193   1212   1211
1067   1193   1194   1213   1212
1068   1194   1195   1214   1213
1069   1195   1196   1215   1214
1070   1196   1197   1216   1215
1071   1197   1198   1217   1216
1072   1198   1199   1218   1217
1073   1199   1200   1219   1218
1074   1200   1201   1220   1219
1075   1201   1202   1221   1220
1076   1202   1203   1222   1221
1077   1203   1204   1223   1222
1078   1204   1205   1224   1223
1079   1205   1206   1225   1224
1080   1206     75     74   1225
1081    189   1207   1226    188
1082   1207   1208   1227   1226
1083   1208   1209   1228   1227
1084   1209   1210   1229   1228
1085   1210   1211   1230   1229
1086   1211   1212   1231   1230
1087   1212   1213   1232   1231
1088   1213   1214   1233   1232
1089   1214   1215   1234   1233
1090   1215   1216   1235   1234
1091   1216   1217   1236   1235
1092   1217   1218   1237   1236
1093   1218   1219   1238   1237
1094   1219   1220   1239   1238
1095   1220   1221   1240   1239
1096   1221   1222   1241   1240
1097   1222   1223   1242   1241
1098   1223   1224   1243   1242
1099   1224   1225   1244   1243
1100   1225     74     73   1244
1101    188   1226   1245    187
1102   1226   1227   1246   1245
1103   1227   1228   1247   1246
1104   1228   1229   1248   1247
1105   1229   1230   1249   1248
1106   1230   1231   1250   1249
1107   1231   1232   1251   1250
1108   1232   1233   1252   1251
1109   1233   1234   1253   1252
1110   1234   1235   1254   1253
1111   1235   1236   1255   1254
1112   1236   1237   1256   1255
1113   1237   1238   1257   1256
1114   1238   1239   1258   1257
1115   1239   1240   1259   1258
1116   1240   1241   1260   1259
1117   1241   1242   1261   1260
1118   1242   1243   1262   1261
1119   1243   1244   1263   1262
1120   1244     73     72   1263
1121    187   1245   1264    186
1122   1245   1246   1265   1264
1123   1246   1247   1266   1265
1124   1247   1248   1267   1266
1125   1248   1249   1268   1267
1126   1249   1250   1269   1268
1127   1250   1251   1270   1269
1128   1251   1252   1271   1270
1129   1252   1253   1272   1271
1130   1253   1254   1273   1272
1131   1254   1255   1274   1273
1132   1255   1256   1275   1274
1133   1256   1257   1276   1275
1134   1257   1258   1277   1276
1135   1258   1259   1278   1277
1136   1259   1260   1279   1278
1137   1260   1261   1280   1279
1138   1261   1262   1281   1280
1139   1262   1263   1282   1281
1140   1263     72     71   1282
1141    186   1264   1283    185
1142   1264   1265   1284   1283
1143   1265   1266   1285   1284
1144   1266   1267   1286   1285
1145   1267   1268   1287   1286
1146   1268   1269   1288   1287
1147   1269   1270   1289   1288
1148   1270   1271   1290   1289
1149   1271   1272   1291   1290
1150   1272   1273   1292   1291
1151   1273   1274   1293   1292
1152   1274   1275   1294   1293
1153   1275   1276   1295   1294
1154   1276   1277   1296   1295
1155   1277   1278   1297   1296
1156   1278   1279   1298   1297
1157   1279   1280   1299   1298
1158   1280   1281   1300   1299
1159   1281   1282   1301   1300
1160   1282     71     70   1301
1161    185   1283   1302    184
1162   1283   1284   1303   1302
1163   1284   1285   1304   1303
1164   1285   1286   1305   1304
1165   1286   1287   1306   1305
1166   1287   1288   1307   1306
1167   1288   1289   1308   1307
1168   1289   1290   1309   1308
1169   1290   1291   1310   1309
1170   1291   1292   1311   1310
1171   1292   1293   1312   1311
1172   1293   1294   1313   1312
1173   1294   1295   1314   1313
1174   1295   1296   1315   1314
1175   1296   1297   1316   1315
1176   1297   1298   1317   1316
1177   1298   1299   1318   1317
1178   1299   1300   1319   1318
1179   1300   1301   1320   1319
1180   1301     70     69   1320
1181    184   1302    182      9
1182   1302   1303    181    182
1183   1303   1304    180    181
1184   1304   1305    179    180
1185   1305   1306    178    179
1186   1306   1307    177    178
1187   1307   1308    176    177
1188   1308   1309    175    176
1189   1309   1310    174    175
1190   1310   1311    173    174
1191   1311   1312    172    173
1192   1312   1313    171    172
1193   1313   1314    170    171
1194   1314   1315    169    170
1195   1315   1316    168    169
1196   1316   1317    167    168
1197   1317   1318    166    167
1198   1318   1319    165    166
1199   1319   1320    164    165
1200   1320     69      4    164
1201      1    163   1321     88
1202    163    162   1322   1321
1203    162    161   1323   1322
1204    161    160   1324   1323
1205    160    159   1325   1324
1206    159    158   1326   1325
1207    158    157   1327   1326
1208    157    156   1328   1327
1209    156    155   1329   1328
1210    155    154   1330   1329
1211    154    153   1331   1330
1212    153    152   1332   1331
1213    152    151   1333   1332
1214    151    150   1334   1333
1215    150    149   1335   1334
1216    149    148   1336   1335
1217    148    147   1337   1336
1218    147    146   1338   1337
1219    146    145   1339   1338
1220    145      7    201   1339
1221     88   1321   1340     89
1222   1321   1322   1341   1340
1223   1322   1323   1342   1341
1224   1323   1324   1343   1342
1225   1324   1325   1344   1343
1226   1325   1326   1345   1344
1227   1326   1327   1346   1345
1228   1327   1328   1347   1346
1229   1328   1329   1348   1347
1230   1329   1330   1349   1348
1231   1330   1331   1350   1349
1232   1331   1332   1351   1350
1233   1332   1333   1352   1351
1234   1333   1334   1353   1352
1235   1334   1335   1354   1353
1236   1335   1336   1355   1354
1237   1336   1337   1356   1355
1238   1337   1338   1357   1356
1239   1338   1339   1358   1357
1240   1339    201     10   1358
1241     89   1340   1359     90
1242   1340   1341   1360   1359
1243   1341   1342   1361   1360
1244   1342   1343   1362   1361
1245   1343   1344   1363   1362
1246   1344   1345   1364   1363
1247   1345   1346   1365   1364
1248   1346   1347   1366   1365
1249   1347   1348   1367   1366
1250   1348   1349   1368   1367
1251   1349   1350   1369   1368
1252   1350   1351   1370   1369
1253   1351   1352   1371   1370
1254   1352   1353   1372   1371
1255   1353   1354   1373   1372
1256   1354   1355   1374   1373
1257   1355   1356   1375   1374
1258   1356   1357   1376   1375
1259   1357   1358   1377   1376
1260   1358     10    202   1377
1261     90   1359   1378     91
1262   1359   1360   1379   1378
1263   1360   1361   1380   1379
1264   1361   1362   1381   1380
1265   1362   1363   1382   1381
1266   1363   1364   1383   1382
1267   1364   1365   1384   1383
1268   1365   1366   1385   1384
1269   1366   1367   1386   1385
1270   1367   1368   1387   1386
1271   1368   1369   1388   1387
1272   1369   1370   1389   1388
1273   1370   1371   1390   1389
1274   1371   1372   1391   1390
1275   1372   1373   1392   1391
1276   1373   1374   1393   1392
1277   1374   1375   1394   1393
1278   1375   1376   1395   1394
1279   1376   1377   1396   1395
1280   1377    202    203   1396
1281     91   1378   1397     92
1282   1378   1379   1398   1397
1283   1379   1380   1399   1398
1284   1380   1381   1400   1399
1285   1381   1382   1401   1400
1286   1382   1383   1402   1401
1287   1383   1384   1403   1402
1288   1384   1385   1404   1403
1289   1385   1386   1405   1404
1290   1386   1387   1406   1405
1291   1387   1388   1407   1406
1292   1388   1389   1408   1407
1293   1389   1390   1409   1408
1294   1390   1391   1410   1409
1295   1391   1392   1411   1410
1296   1392   1393   1412   1411
1297   1393   1394   1413   1412
1298   1394   1395   1414   1413
1299   1395   1396   1415   1414
1300   1396    203    204   1415
1301     92   1397   1416     93
1302   1397   1398   1417   1416
1303   1398   1399   1418   1417
1304   1399   1400   1419   1418
1305   1400   1401   1420   1419
1306   1401   1402   1421   1420
1307   1402   1403   1422   1421
1308   1403   1404   1423   1422
1309   1404   1405   1424   1423
1310   1405   1406   1425   1424
1311   1406   1407   1426   1425
1312   1407   1408   1427   1426
1313   1408   1409   1428   1427
1314   1409   1410   1429   1428
1315   1410   1411   1430   1429
1316   1411   1412   1431   1430
1317   1412   1413   1432   1431
1318   1413   1414   1433   1432
1319   1414   1415   1434   1433
1320   1415    204    205   1434
1321     93   1416   1435     94
1322   1416   1417   1436   1435
1323   1417   1418   1437   1436
1324   1418   1419   1438   1437
1325   1419   1420   1439   1438
1326   1420   1421   1440   1439
1327   1421   1422   1441   1440
1328   1422   1423   1442   1441
1329   1423   1424   1443   1442
1330   1424   1425   1444   1443
1331   1425   1426   1445   1444
1332   1426   1427   1446   1445
1333   1427   1428   1447   1446
1334   1428   1429   1448   1447
1335   1429   1430   1449   1448
1336   1430   1431   1450   1449
1337   1431   1432   1451   1450
1338   1432   1433   1452   1451
1339   1433   1434   1453   1452
1340   1434    205    206   1453
1341     94   1435   1454     95
1342   1435   1436   1455   1454
1343   1436   1437   1456   1455
1344   1437   1438   1457   1456
1345   1438   1439   1458   1457
1346   1439   1440   1459   1458
1347   1440   1441   1460   1459
1348   1441   1442   1461   1460
1349   1442   1443   1462   1461
1350   1443   1444   1463   1462
1351   1444   1445   1464   1463
1352   1445   1446   1465   1464
1353   1446   1447   1466   1465
1354   1447   1448   1467   1466
1355   1448   1449   1468   1467
1356   1449   1450   1469   1468
1357   1450   1451   1470   1469
1358   1451   1452   1471   1470
1359   1452   1453   1472   1471
1360   1453    206    207   1472
1361     95   1454   1473     96
1362   1454   1455   1474   1473
1363   1455   1456   1475   1474
1364   1456   1457   1476   1475
1365   1457   1458   1477   1476
1366   1458   1459   1478   1477
1367   1459   1460   1479   1478
1368   1460   1461   1480   1479
1369   1461   1462   1481   1480
1370   1462   1463   1482   1481
1371   1463   1464   1483   1482
1372   1464   1465   1484   1483
1373   1465   1466   1485   1484
1374   1466   1467   1486   1485
1375   1467   1468   1487   1486
1376   1468   1469   1488   1487
1377   1469   1470   1489   1488
1378   1470   1471   1490   1489
1379   1471   1472   1491   1490
1380   1472    207    208   1491
1381     96   1473   1492     97
1382   1473   1474   1493   1492
1383   1474   1475   1494   1493
1384   1475   1476   1495   1494
1385   1476   1477   1496   1495
1386   1477   1478   1497   1496
1387   1478   1479   1498   1497
1388   1479   1480   1499   1498
1389   1480   1481   1500   1499
1390   1481   1482   1501   1500
1391   1482   1483   1502   1501
1392   1483   1484   1503   1502
1393   1484   1485   1504   1503
1394   1485   1486   1505   1504
1395   1486   1487   1506   1505
1396   1487   1488   1507   1506
1397   1488   1489   1508   1507
1398   1489   1490   1509   1508
1399   1490   1491   1510   1509
1400   1491    208    209   1510
1401     97   1492   1511     98
1402   1492   1493   1512   1511
1403   1493   1494   1513   1512
1404   1494   1495   1514   1513
1405   1495   1496   1515   1514
1406   1496   1497   1516   1515
1407   1497   1498   1517   1516
1408   1498   1499   1518   1517
1409   1499   1500   1519   1518
1410   1500   1501   1520   1519
1411   1501   1502   1521   1520
1412   1502   1503   1522   1521
1413   1503   1504   1523   1522
1414   1504   1505   1524   1523
1415   1505   1506   1525   1524
1416   1506   1507   1526   1525
1417   1507   1508   1527   1526
1418   1508   1509   1528   1527
1419   1509   1510   1529   1528
1420   1510    209    210   1529
1421     98   1511   1530     99
1422   1511   1512   1531   1530
1423   1512   1513   1532   1531
1424   1513   1514   1533   1532
1425   1514   1515   1534   1533
1426   1515   1516   1535   1534
1427   1516   1517   1536   1535
1428   1517   1518   1537   1536
1429   1518   1519   1538   1537
1430   1519   1520   1539   1538
1431   1520   1521   1540   1539
1432   1521   1522   1541   1540
1433   1522   1523   1542   1541
1434   1523   1524   1543   1542
1435   1524   1525   1544   1543
1436   1525   1526   1545   1544
1437   1526   1527   1546   1545
1438   1527   1528   1547   1546
1439   1528   1529   1548   1547
1440   1529    210    211   1548
1441     99   1530   1549    100
1442   1530   1531   1550   1549
1443   1531   1532   1551   1550
1444   1532   1533   1552   1551
1445   1533   1534   1553   1552
1446   1534   1535   1554   1553
1447   1535   1536   1555   1554
1448   1536   1537   1556   1555
1449   1537   1538   1557   1556
1450   1538   1539   1558   1557
1451   1539   1540   1559   1558
1452   1540   1541   1560   1559
1453   1541   1542   1561   1560
1454   1542   1543   1562   1561
1455   1543   1544   1563   1562
1456   1544   1545   1564   1563
1457   1545   1546   1565   1564
1458   1546   1547   1566   1565
1459   1547   1548   1567   1566
1460   1548    211    212   1567
1461    100   1549   1568    101
1462   1549   1550   1569   1568
1463   1550   1551   1570   1569
1464   1551   1552   1571   1570
1465   1552   1553   1572   1571
1466   1553   1554   1573   1572
1467   1554   1555   1574   1573
1468   1555   1556   1575   1574
1469   1556   1557   1576   1575
1470   1557   1558   1577   1576
1471   1558   1559   1578   1577
1472   1559   1560   1579   1578
1473   1560   1561   1580   1579
1474   1561   1562   1581   1580
1475   1562   1563   1582   1581
1476   1563   1564   1583   1582
1477   1564   1565   1584   1583
1478   1565   1566   1585   1584
1479   1566   1567   1586   1585
1480   1567    212    213   1586
1481    101   1568   1587    102
1482   1568   1569   1588   1587
1483   1569   1570   1589   1588
1484   1570   1571   1590   1589
1485   1571   1572   1591   1590
1486   1572   1573   1592   1591
1487   1573   1574   1593   1592
1488   1574   1575   1594   1593
1489   1575   1576   1595   1594
1490   1576   1577   1596   1595
1491   1577   1578   1597   1596
1492   1578   1579   1598   1597
1493   1579   1580   1599   1598
1494   1580   1581   1600   1599
1495   1581   1582   1601   1600
1496   1582   1583   1602   1601
1497   1583   1584   1603   1602
1498   1584   1585   1604   1603
1499   1585   1586   1605   1604
1500   1586    213    214   1605
1501    102   1587   1606    103
1502   1587   1588   1607   1606
1503   1588   1589   1608   1607
1504   1589   1590   1609   1608
1505   1590   1591   1610   1609
1506   1591   1592   1611   1610
1507   1592   1593   1612   1611
1508   1593   1594   1613   1612
1509   1594   1595   1614   1613
1510   1595   1596   1615   1614
1511   1596   1597   1616   1615
1512   1597   1598   1617   1616
1513   1598   1599   1618   1617
1514   1599   1600   1619   1618
1515   1600   1601   1620   1619
1516   1601   1602   1621   1620
1517   1602   1603   1622   1621
1518   1603   1604   1623   1622
1519   1604   1605   1624   1623
1520   1605    214    215   1624
1521    103   1606   1625    104
1522   1606   1607   1626   1625
1523   1607   1608   1627   1626
1524   1608   1609   1628   1627
1525   1609   1610   1629   1628
1526   1610   1611   1630   1629
1527   1611   1612   1631   1630
1528   1612   1613   1632   1631
1529   1613   1614   1633   1632
1530   1614   1615   1634   1633
1531   1615   1616   1635   1634
1532   1616   1617   1636   1635
1533   1617   1618   1637   1636
1534   1618   1619   1638   1637
1535   1619   1620   1639   1638
1536   1620   1621   1640   1639
1537   1621   1622   1641   1640
1538   1622   1623   1642   1641
1539   1623   1624   1643   1642
1540   1624    215    216   1643
1541    104   1625   1644    105
1542   1625   1626   1645   1644
1543   1626   1627   1646   1645
1544   1627   1628   1647   1646
1545   1628   1629   1648   1647
1546   1629   1630   1649   1648
1547   1630   1631   1650   1649
1548   1631   1632   1651   1650
1549   1632   1633   1652   1651
1550   1633   1634   1653   1652
1551   1634   1635   1654   1653
1552   1635   1636   1655   1654
1553   1636   1637   1656   1655
1554   1637   1638   1657   1656
1555   1638   1639   1658   1657
1556   1639   1640   1659   1658
1557   1640   1641   1660   1659
1558   1641   1642   1661   1660
1559   1642   1643   1662   1661
1560   1643    216    217   1662
1561    105   1644   1663    106
1562   1644   1645   1664   1663
1563   1645   1646   1665   1664
1564   1646   1647   1666   1665
1565   1647   1648   1667   1666
1566   1648   1649   1668   1667
1567   1649   1650   1669   1668
1568   1650   1651   1670   1669
1569   1651   1652   1671   1670
1570   1652   1653   1672   1671
1571   1653   1654   1673   1672
1572   1654   1655   1674   1673
1573   1655   1656   1675   1674
1574   1656   1657   1676   1675
1575   1657   1658   1677   1676
1576   1658   1659   1678   1677
1577   1659   1660   1679   1678
1578   1660   1661   1680   1679
1579   1661   1662   1681   1680
1580   1662    217    218   1681
1581    106   1663    237      5
1582   1663   1664    236    237
1583   1664   1665    235    236
1584   1665   1666    234    235
1585   1666   1667    233    234
1586   1667   1668    232    233
1587   1668   1669    231    232
1588   1669   1670    230    231
1589   1670   1671    229    230
1590   1671   1672    228    229
1591   1672   1673    227    228
1592   1673   1674    226    227
1593   1674   1675    225    226
1594   1675   1676    224    225
1595   1676   1677    223    224
1596   1677   1678    222    223
1597   1678   1679    221    222
1598   1679   1680    220    221
1599   1680   1681    219    220
1600   1681    218     11    219