      1            50.            50.
      2           100.           50.
      3           100.          100.
      4            50.           100.
      5            50.             0.
      6           100.            0.
      7             0.            50.
      8             0.            55.
      9             0.           100.
     10             0.            45.
     11             0.             0.
     12           52.5            50.
     13            55.            50.
     14           57.5            50.
     15            60.            50.
     16           62.5            50.
     17            65.            50.
     18           67.5            50.
     19            70.            50.
     20           72.5            50.
     21            75.            50.
     22           77.5            50.
     23            80.            50.
     24           82.5            50.
     25            85.            50.
     26           87.5            50.
     27            90.            50.
     28           92.5            50.
     29            95.            50.
     30           97.5            50.
     31           100.           52.5
     32           100.            55.
     33           100.           57.5
     34           100.            60.
     35           100.           62.5
     36           100.            65.
     37           100.           67.5
     38           100.            70.
     39           100.           72.5
     40           100.            75.
     41           100.           77.5
     42           100.            80.
     43           100.           82.5
     44           100.            85.
     45           100.           87.5
     46           100.            90.
     47           100.           92.5
     48           100.            95.
     49           100.           97.5
     50           97.5           100.
     51            95.           100.
     52           92.5           100.
     53            90.           100.
     54           87.5           100.
     55            85.           100.
     56           82.5           100.
     57            80.           100.
     58           77.5           100.
     59            75.           100.
     60           72.5           100.
     61            70.           100.
     62           67.5           100.
     63            65.           100.
     64           62.5           100.
     65            60.           100.
     66           57.5           100.
     67            55.           100.
     68           52.5           100.
     69            50.           97.5
     70            50.            95.
     71            50.           92.5
     72            50.            90.
     73            50.           87.5
     74            50.            85.
     75            50.           82.5
     76            50.            80.
     77            50.           77.5
     78            50.            75.
     79            50.           72.5
     80            50.            70.
     81            50.           67.5
     82            50.            65.
     83            50.           62.5
     84            50.            60.
     85            50.           57.5
     86            50.            55.
     87            50.           52.5
     88            50.           47.5
     89            50.            45.
     90            50.           42.5
     91            50.            40.
     92            50.           37.5
     93            50.            35.
     94            50.           32.5
     95            50.            30.
     96            50.           27.5
     97            50.            25.
     98            50.           22.5
     99            50.            20.
    100            50.           17.5
    101            50.            15.
    102            50.           12.5
    103            50.            10.
    104            50.            7.5
    105            50.             5.
    106            50.            2.5
    107           52.5             0.
    108            55.             0.
    109           57.5             0.
    110            60.             0.
    111           62.5             0.
    112            65.             0.
    113           67.5             0.
    114            70.             0.
    115           72.5             0.
    116            75.             0.
    117           77.5             0.
    118            80.             0.
    119           82.5             0.
    120            85.             0.
    121           87.5             0.
    122            90.             0.
    123           92.5             0.
    124            95.             0.
    125           97.5             0.
    126           100.            2.5
    127           100.             5.
    128           100.            7.5
    129           100.            10.
    130           100.           12.5
    131           100.            15.
    132           100.           17.5
    133           100.            20.
    134           100.           22.5
    135           100.            25.
    136           100.           27.5
    137           100.            30.
    138           100.           32.5
    139           100.            35.
    140           100.           37.5
    141           100.            40.
    142           100.           42.5
    143           100.            45.
    144           100.           47.5
    145            2.5            50.
    146             5.            50.
    147            7.5            50.
    148            10.            50.
    149           12.5            50.
    150            15.            50.
    151           17.5            50.
    152            20.            50.
    153           22.5            50.
    154            25.            50.
    155           27.5            50.
    156            30.            50.
    157           32.5            50.
    158            35.            50.
    159           37.5            50.
    160            40.            50.
    161           42.5            50.
    162            45.            50.
    163           47.5            50.
    164           47.5           100.
    165            45.           100.
    166           42.5           100.
    167            40.           100.
    168           37.5           100.
    169            35.           100.
    170           32.5           100.
    171            30.           100.
    172           27.5           100.
    173            25.           100.
    174           22.5           100.
    175            20.           100.
    176           17.5           100.
    177            15.           100.
    178           12.5           100.
    179            10.           100.
    180            7.5           100.
    181             5.           100.
    182            2.5           100.
    183             0.           52.5
    184             0.           97.5
    185             0.            95.
    186             0.           92.5
    187             0.            90.
    188             0.           87.5
    189             0.            85.
    190             0.           82.5
    191             0.            80.
    192             0.           77.5
    193             0.            75.
    194             0.           72.5
    195             0.            70.
    196             0.           67.5
    197             0.            65.
    198             0.           62.5
    199             0.            60.
    200             0.           57.5
    201             0.           47.5
    202             0.           42.5
    203             0.            40.
    204             0.           37.5
    205             0.            35.
    206             0.           32.5
    207             0.            30.
    208             0.           27.5
    209             0.            25.
    210             0.           22.5
    211             0.            20.
    212             0.           17.5
    213             0.            15.
    214             0.           12.5
    215             0.            10.
    216             0.            7.5
    217             0.             5.
    218             0.            2.5
    219            2.5             0.
    220             5.             0.
    221            7.5             0.
    222            10.             0.
    223           12.5             0.
    224            15.             0.
    225           17.5             0.
    226            20.             0.
    227           22.5             0.
    228            25.             0.
    229           27.5             0.
    230            30.             0.
    231           32.5             0.
    232            35.             0.
    233           37.5             0.
    234            40.             0.
    235           42.5             0.
    236            45.             0.
    237           47.5             0.
    238           52.5           52.5
    239            55.           52.5
    240           57.5           52.5
    241            60.           52.5
    242           62.5           52.5
    243            65.           52.5
    244           67.5           52.5
    245            70.           52.5
    246           72.5           52.5
    247            75.           52.5
    248           77.5           52.5
    249            80.           52.5
    250           82.5           52.5
    251            85.           52.5
    252           87.5           52.5
    253            90.           52.5
    254           92.5           52.5
    255            95.           52.5
    256           97.5           52.5
    257           52.5            55.
    258            55.            55.
    259           57.5            55.
    260            60.            55.
    261           62.5            55.
    262            65.            55.
    263           67.5            55.
    264            70.            55.
    265           72.5            55.
    266            75.            55.
    267           77.5            55.
    268            80.            55.
    269           82.5            55.
    270            85.            55.
    271           87.5            55.
    272            90.            55.
    273           92.5            55.
    274            95.            55.
    275           97.5            55.
    276           52.5           57.5
    277            55.           57.5
    278           57.5           57.5
    279            60.           57.5
    280           62.5           57.5
    281            65.           57.5
    282           67.5           57.5
    283            70.           57.5
    284           72.5           57.5
    285            75.           57.5
    286           77.5           57.5
    287            80.           57.5
    288           82.5           57.5
    289            85.           57.5
    290           87.5           57.5
    291            90.           57.5
    292           92.5           57.5
    293            95.           57.5
    294           97.5           57.5
    295           52.5            60.
    296            55.            60.
    297           57.5            60.
    298            60.            60.
    299           62.5            60.
    300            65.            60.
    301           67.5            60.
    302            70.            60.
    303           72.5            60.
    304            75.            60.
    305           77.5            60.
    306            80.            60.
    307           82.5            60.
    308            85.            60.
    309           87.5            60.
    310            90.            60.
    311           92.5            60.
    312            95.            60.
    313           97.5            60.
    314           52.5           62.5
    315            55.           62.5
    316           57.5           62.5
    317            60.           62.5
    318           62.5           62.5
    319            65.           62.5
    320           67.5           62.5
    321            70.           62.5
    322           72.5           62.5
    323            75.           62.5
    324           77.5           62.5
    325            80.           62.5
    326           82.5           62.5
    327            85.           62.5
    328           87.5           62.5
    329            90.           62.5
    330           92.5           62.5
    331            95.           62.5
    332           97.5           62.5
    333           52.5            65.
    334            55.            65.
    335           57.5            65.
    336            60.            65.
    337           62.5            65.
    338            65.            65.
    339           67.5            65.
    340            70.            65.
    341           72.5            65.
    342            75.            65.
    343           77.5            65.
    344            80.            65.
    345           82.5            65.
    346            85.            65.
    347           87.5            65.
    348            90.            65.
    349           92.5            65.
    350            95.            65.
    351           97.5            65.
    352           52.5           67.5
    353            55.           67.5
    354           57.5           67.5
    355            60.           67.5
    356           62.5           67.5
    357            65.           67.5
    358           67.5           67.5
    359            70.           67.5
    360           72.5           67.5
    361            75.           67.5
    362           77.5           67.5
    363            80.           67.5
    364           82.5           67.5
    365            85.           67.5
    366           87.5           67.5
    367            90.           67.5
    368           92.5           67.5
    369            95.           67.5
    370           97.5           67.5
    371           52.5            70.
    372            55.            70.
    373           57.5            70.
    374            60.            70.
    375           62.5            70.
    376            65.            70.
    377           67.5            70.
    378            70.            70.
    379           72.5            70.
    380            75.            70.
    381           77.5            70.
    382            80.            70.
    383           82.5            70.
    384            85.            70.
    385           87.5            70.
    386            90.            70.
    387           92.5            70.
    388            95.            70.
    389           97.5            70.
    390           52.5           72.5
    391            55.           72.5
    392           57.5           72.5
    393            60.           72.5
    394           62.5           72.5
    395            65.           72.5
    396           67.5           72.5
    397            70.           72.5
    398           72.5           72.5
    399            75.           72.5
    400           77.5           72.5
    401            80.           72.5
    402           82.5           72.5
    403            85.           72.5
    404           87.5           72.5
    405            90.           72.5
    406           92.5           72.5
    407            95.           72.5
    408           97.5           72.5
    409           52.5            75.
    410            55.            75.
    411           57.5            75.
    412            60.            75.
    413           62.5            75.
    414            65.            75.
    415           67.5            75.
    416            70.            75.
    417           72.5            75.
    418            75.            75.
    419           77.5            75.
    420            80.            75.
    421           82.5            75.
    422            85.            75.
    423           87.5            75.
    424            90.            75.
    425           92.5            75.
    426            95.            75.
    427           97.5            75.
    428           52.5           77.5
    429            55.           77.5
    430           57.5           77.5
    431            60.           77.5
    432           62.5           77.5
    433            65.           77.5
    434           67.5           77.5
    435            70.           77.5
    436           72.5           77.5
    437            75.           77.5
    438           77.5           77.5
    439            80.           77.5
    440           82.5           77.5
    441            85.           77.5
    442           87.5           77.5
    443            90.           77.5
    444           92.5           77.5
    445            95.           77.5
    446           97.5           77.5
    447           52.5            80.
    448            55.            80.
    449           57.5            80.
    450            60.            80.
    451           62.5            80.
    452            65.            80.
    453           67.5            80.
    454            70.            80.
    455           72.5            80.
    456            75.            80.
    457           77.5            80.
    458            80.            80.
    459           82.5            80.
    460            85.            80.
    461           87.5            80.
    462            90.            80.
    463           92.5            80.
    464            95.            80.
    465           97.5            80.
    466           52.5           82.5
    467            55.           82.5
    468           57.5           82.5
    469            60.           82.5
    470           62.5           82.5
    471            65.           82.5
    472           67.5           82.5
    473            70.           82.5
    474           72.5           82.5
    475            75.           82.5
    476           77.5           82.5
    477            80.           82.5
    478           82.5           82.5
    479            85.           82.5
    480           87.5           82.5
    481            90.           82.5
    482           92.5           82.5
    483            95.           82.5
    484           97.5           82.5
    485           52.5            85.
    486            55.            85.
    487           57.5            85.
    488            60.            85.
    489           62.5            85.
    490            65.            85.
    491           67.5            85.
    492            70.            85.
    493           72.5            85.
    494            75.            85.
    495           77.5            85.
    496            80.            85.
    497           82.5            85.
    498            85.            85.
    499           87.5            85.
    500            90.            85.
    501           92.5            85.
    502            95.            85.
    503           97.5            85.
    504           52.5           87.5
    505            55.           87.5
    506           57.5           87.5
    507            60.           87.5
    508           62.5           87.5
    509            65.           87.5
    510           67.5           87.5
    511            70.           87.5
    512           72.5           87.5
    513            75.           87.5
    514           77.5           87.5
    515            80.           87.5
    516           82.5           87.5
    517            85.           87.5
    518           87.5           87.5
    519            90.           87.5
    520           92.5           87.5
    521            95.           87.5
    522           97.5           87.5
    523           52.5            90.
    524            55.            90.
    525           57.5            90.
    526            60.            90.
    527           62.5            90.
    528            65.            90.
    529           67.5            90.
    530            70.            90.
    531           72.5            90.
    532            75.            90.
    533           77.5            90.
    534            80.            90.
    535           82.5            90.
    536            85.            90.
    537           87.5            90.
    538            90.            90.
    539           92.5            90.
    540            95.            90.
    541           97.5            90.
    542           52.5           92.5
    543            55.           92.5
    544           57.5           92.5
    545            60.           92.5
    546           62.5           92.5
    547            65.           92.5
    548           67.5           92.5
    549            70.           92.5
    550           72.5           92.5
    551            75.           92.5
    552           77.5           92.5
    553            80.           92.5
    554           82.5           92.5
    555            85.           92.5
    556           87.5           92.5
    557            90.           92.5
    558           92.5           92.5
    559            95.           92.5
    560           97.5           92.5
    561           52.5            95.
    562            55.            95.
    563           57.5            95.
    564            60.            95.
    565           62.5            95.
    566            65.            95.
    567           67.5            95.
    568            70.            95.
    569           72.5            95.
    570            75.            95.
    571           77.5            95.
    572            80.            95.
    573           82.5            95.
    574            85.            95.
    575           87.5            95.
    576            90.            95.
    577           92.5            95.
    578            95.            95.
    579           97.5            95.
    580           52.5           97.5
    581            55.           97.5
    582           57.5           97.5
    583            60.           97.5
    584           62.5           97.5
    585            65.           97.5
    586           67.5           97.5
    587            70.           97.5
    588           72.5           97.5
    589            75.           97.5
    590           77.5           97.5
    591            80.           97.5
    592           82.5           97.5
    593            85.           97.5
    594           87.5           97.5
    595            90.           97.5
    596           92.5           97.5
    597            95.           97.5
    598           97.5           97.5
    599           52.5           47.5
    600           52.5            45.
    601           52.5           42.5
    602           52.5            40.
    603           52.5           37.5
    604           52.5            35.
    605           52.5           32.5
    606           52.5            30.
    607           52.5           27.5
    608           52.5            25.
    609           52.5           22.5
    610           52.5            20.
    611           52.5           17.5
    612           52.5            15.
    613           52.5           12.5
    614           52.5            10.
    615           52.5            7.5
    616           52.5             5.
    617           52.5            2.5
    618            55.           47.5
    619            55.            45.
    620            55.           42.5
    621            55.            40.
    622            55.           37.5
    623            55.            35.
    624            55.           32.5
    625            55.            30.
    626            55.           27.5
    627            55.            25.
    628            55.           22.5
    629            55.            20.
    630            55.           17.5
    631            55.            15.
    632            55.           12.5
    633            55.            10.
    634            55.            7.5
    635            55.             5.
    636            55.            2.5
    637           57.5           47.5
    638           57.5            45.
    639           57.5           42.5
    640           57.5            40.
    641           57.5           37.5
    642           57.5            35.
    643           57.5           32.5
    644           57.5            30.
    645           57.5           27.5
    646           57.5            25.
    647           57.5           22.5
    648           57.5            20.
    649           57.5           17.5
    650           57.5            15.
    651           57.5           12.5
    652           57.5            10.
    653           57.5            7.5
    654           57.5             5.
    655           57.5            2.5
    656            60.           47.5
    657            60.            45.
    658            60.           42.5
    659            60.            40.
    660            60.           37.5
    661            60.            35.
    662            60.           32.5
    663            60.            30.
    664            60.           27.5
    665            60.            25.
    666            60.           22.5
    667            60.            20.
    668            60.           17.5
    669            60.            15.
    670            60.           12.5
    671            60.            10.
    672            60.            7.5
    673            60.             5.
    674            60.            2.5
    675           62.5           47.5
    676           62.5            45.
    677           62.5           42.5
    678           62.5            40.
    679           62.5           37.5
    680           62.5            35.
    681           62.5           32.5
    682           62.5            30.
    683           62.5           27.5
    684           62.5            25.
    685           62.5           22.5
    686           62.5            20.
    687           62.5           17.5
    688           62.5            15.
    689           62.5           12.5
    690           62.5            10.
    691           62.5            7.5
    692           62.5             5.
    693           62.5            2.5
    694            65.           47.5
    695            65.            45.
    696            65.           42.5
    697            65.            40.
    698            65.           37.5
    699            65.            35.
    700            65.           32.5
    701            65.            30.
    702            65.           27.5
    703            65.            25.
    704            65.           22.5
    705            65.            20.
    706            65.           17.5
    707            65.            15.
    708            65.           12.5
    709            65.            10.
    710            65.            7.5
    711            65.             5.
    712            65.            2.5
    713           67.5           47.5
    714           67.5            45.
    715           67.5           42.5
    716           67.5            40.
    717           67.5           37.5
    718           67.5            35.
    719           67.5           32.5
    720           67.5            30.
    721           67.5           27.5
    722           67.5            25.
    723           67.5           22.5
    724           67.5            20.
    725           67.5           17.5
    726           67.5            15.
    727           67.5           12.5
    728           67.5            10.
    729           67.5            7.5
    730           67.5             5.
    731           67.5            2.5
    732            70.           47.5
    733            70.            45.
    734            70.           42.5
    735            70.            40.
    736            70.           37.5
    737            70.            35.
    738            70.           32.5
    739            70.            30.
    740            70.           27.5
    741            70.            25.
    742            70.           22.5
    743            70.            20.
    744            70.           17.5
    745            70.            15.
    746            70.           12.5
    747            70.            10.
    748            70.            7.5
    749            70.             5.
    750            70.            2.5
    751           72.5           47.5
    752           72.5            45.
    753           72.5           42.5
    754           72.5            40.
    755           72.5           37.5
    756           72.5            35.
    757           72.5           32.5
    758           72.5            30.
    759           72.5           27.5
    760           72.5            25.
    761           72.5           22.5
    762           72.5            20.
    763           72.5           17.5
    764           72.5            15.
    765           72.5           12.5
    766           72.5            10.
    767           72.5            7.5
    768           72.5             5.
    769           72.5            2.5
    770            75.           47.5
    771            75.            45.
    772            75.           42.5
    773            75.            40.
    774            75.           37.5
    775            75.            35.
    776            75.           32.5
    777            75.            30.
    778            75.           27.5
    779            75.            25.
    780            75.           22.5
    781            75.            20.
    782            75.           17.5
    783            75.            15.
    784            75.           12.5
    785            75.            10.
    786            75.            7.5
    787            75.             5.
    788            75.            2.5
    789           77.5           47.5
    790           77.5            45.
    791           77.5           42.5
    792           77.5            40.
    793           77.5           37.5
    794           77.5            35.
    795           77.5           32.5
    796           77.5            30.
    797           77.5           27.5
    798           77.5            25.
    799           77.5           22.5
    800           77.5            20.
    801           77.5           17.5
    802           77.5            15.
    803           77.5           12.5
    804           77.5            10.
    805           77.5            7.5
    806           77.5             5.
    807           77.5            2.5
    808            80.           47.5
    809            80.            45.
    810            80.           42.5
    811            80.            40.
    812            80.           37.5
    813            80.            35.
    814            80.           32.5
    815            80.            30.
    816            80.           27.5
    817            80.            25.
    818            80.           22.5
    819            80.            20.
    820            80.           17.5
    821            80.            15.
    822            80.           12.5
    823            80.            10.
    824            80.            7.5
    825            80.             5.
    826            80.            2.5
    827           82.5           47.5
    828           82.5            45.
    829           82.5           42.5
    830           82.5            40.
    831           82.5           37.5
    832           82.5            35.
    833           82.5           32.5
    834           82.5            30.
    835           82.5           27.5
    836           82.5            25.
    837           82.5           22.5
    838           82.5            20.
    839           82.5           17.5
    840           82.5            15.
    841           82.5           12.5
    842           82.5            10.
    843           82.5            7.5
    844           82.5             5.
    845           82.5            2.5
    846            85.           47.5
    847            85.            45.
    848            85.           42.5
    849            85.            40.
    850            85.           37.5
    851            85.            35.
    852            85.           32.5
    853            85.            30.
    854            85.           27.5
    855            85.            25.
    856            85.           22.5
    857            85.            20.
    858            85.           17.5
    859            85.            15.
    860            85.           12.5
    861            85.            10.
    862            85.            7.5
    863            85.             5.
    864            85.            2.5
    865           87.5           47.5
    866           87.5            45.
    867           87.5           42.5
    868           87.5            40.
    869           87.5           37.5
    870           87.5            35.
    871           87.5           32.5
    872           87.5            30.
    873           87.5           27.5
    874           87.5            25.
    875           87.5           22.5
    876           87.5            20.
    877           87.5           17.5
    878           87.5            15.
    879           87.5           12.5
    880           87.5            10.
    881           87.5            7.5
    882           87.5             5.
    883           87.5            2.5
    884            90.           47.5
    885            90.            45.
    886            90.           42.5
    887            90.            40.
    888            90.           37.5
    889            90.            35.
    890            90.           32.5
    891            90.            30.
    892            90.           27.5
    893            90.            25.
    894            90.           22.5
    895            90.            20.
    896            90.           17.5
    897            90.            15.
    898            90.           12.5
    899            90.            10.
    900            90.            7.5
    901            90.             5.
    902            90.            2.5
    903           92.5           47.5
    904           92.5            45.
    905           92.5           42.5
    906           92.5            40.
    907           92.5           37.5
    908           92.5            35.
    909           92.5           32.5
    910           92.5            30.
    911           92.5           27.5
    912           92.5            25.
    913           92.5           22.5
    914           92.5            20.
    915           92.5           17.5
    916           92.5            15.
    917           92.5           12.5
    918           92.5            10.
    919           92.5            7.5
    920           92.5             5.
    921           92.5            2.5
    922            95.           47.5
    923            95.            45.
    924            95.           42.5
    925            95.            40.
    926            95.           37.5
    927            95.            35.
    928            95.           32.5
    929            95.            30.
    930            95.           27.5
    931            95.            25.
    932            95.           22.5
    933            95.            20.
    934            95.           17.5
    935            95.            15.
    936            95.           12.5
    937            95.            10.
    938            95.            7.5
    939            95.             5.
    940            95.            2.5
    941           97.5           47.5
    942           97.5            45.
    943           97.5           42.5
    944           97.5            40.
    945           97.5           37.5
    946           97.5            35.
    947           97.5           32.5
    948           97.5            30.
    949           97.5           27.5
    950           97.5            25.
    951           97.5           22.5
    952           97.5            20.
    953           97.5           17.5
    954           97.5            15.
    955           97.5           12.5
    956           97.5            10.
    957           97.5            7.5
    958           97.5             5.
    959           97.5            2.5
    960            2.5           52.5
    961             5.           52.5
    962            7.5           52.5
    963            10.           52.5
    964           12.5           52.5
    965            15.           52.5
    966           17.5           52.5
    967            20.           52.5
    968           22.5           52.5
    969            25.           52.5
    970           27.5           52.5
    971            30.           52.5
    972           32.5           52.5
    973            35.           52.5
    974           37.5           52.5
    975            40.           52.5
    976           42.5           52.5
    977            45.           52.5
    978           47.5           52.5
    979            2.5            55.
    980             5.            55.
    981            7.5            55.
    982            10.            55.
    983           12.5            55.
    984            15.            55.
    985           17.5            55.
    986            20.            55.
    987           22.5            55.
    988            25.            55.
    989           27.5            55.
    990            30.            55.
    991           32.5            55.
    992            35.            55.
    993           37.5            55.
    994            40.            55.
    995           42.5            55.
    996            45.            55.
    997           47.5            55.
    998            2.5           57.5
    999             5.           57.5
   1000            7.5           57.5
   1001            10.           57.5
   1002           12.5           57.5
   1003            15.           57.5
   1004           17.5           57.5
   1005            20.           57.5
   1006           22.5           57.5
   1007            25.           57.5
   1008           27.5           57.5
   1009            30.           57.5
   1010           32.5           57.5
   1011            35.           57.5
   1012           37.5           57.5
   1013            40.           57.5
   1014           42.5           57.5
   1015            45.           57.5
   1016           47.5           57.5
   1017            2.5            60.
   1018             5.            60.
   1019            7.5            60.
   1020            10.            60.
   1021           12.5            60.
   1022            15.            60.
   1023           17.5            60.
   1024            20.            60.
   1025           22.5            60.
   1026            25.            60.
   1027           27.5            60.
   1028            30.            60.
   1029           32.5            60.
   1030            35.            60.
   1031           37.5            60.
   1032            40.            60.
   1033           42.5            60.
   1034            45.            60.
   1035           47.5            60.
   1036            2.5           62.5
   1037             5.           62.5
   1038            7.5           62.5
   1039            10.           62.5
   1040           12.5           62.5
   1041            15.           62.5
   1042           17.5           62.5
   1043            20.           62.5
   1044           22.5           62.5
   1045            25.           62.5
   1046           27.5           62.5
   1047            30.           62.5
   1048           32.5           62.5
   1049            35.           62.5
   1050           37.5           62.5
   1051            40.           62.5
   1052           42.5           62.5
   1053            45.           62.5
   1054           47.5           62.5
   1055            2.5            65.
   1056             5.            65.
   1057            7.5            65.
   1058            10.            65.
   1059           12.5            65.
   1060            15.            65.
   1061           17.5            65.
   1062            20.            65.
   1063           22.5            65.
   1064            25.            65.
   1065           27.5            65.
   1066            30.            65.
   1067           32.5            65.
   1068            35.            65.
   1069           37.5            65.
   1070            40.            65.
   1071           42.5            65.
   1072            45.            65.
   1073           47.5            65.
   1074            2.5           67.5
   1075             5.           67.5
   1076            7.5           67.5
   1077            10.           67.5
   1078           12.5           67.5
   1079            15.           67.5
   1080           17.5           67.5
   1081            20.           67.5
   1082           22.5           67.5
   1083            25.           67.5
   1084           27.5           67.5
   1085            30.           67.5
   1086           32.5           67.5
   1087            35.           67.5
   1088           37.5           67.5
   1089            40.           67.5
   1090           42.5           67.5
   1091            45.           67.5
   1092           47.5           67.5
   1093            2.5            70.
   1094             5.            70.
   1095            7.5            70.
   1096            10.            70.
   1097           12.5            70.
   1098            15.            70.
   1099           17.5            70.
   1100            20.            70.
   1101           22.5            70.
   1102            25.            70.
   1103           27.5            70.
   1104            30.            70.
   1105           32.5            70.
   1106            35.            70.
   1107           37.5            70.
   1108            40.            70.
   1109           42.5            70.
   1110            45.            70.
   1111           47.5            70.
   1112            2.5           72.5
   1113             5.           72.5
   1114            7.5           72.5
   1115            10.           72.5
   1116           12.5           72.5
   1117            15.           72.5
   1118           17.5           72.5
   1119            20.           72.5
   1120           22.5           72.5
   1121            25.           72.5
   1122           27.5           72.5
   1123            30.           72.5
   1124           32.5           72.5
   1125            35.           72.5
   1126           37.5           72.5
   1127            40.           72.5
   1128           42.5           72.5
   1129            45.           72.5
   1130           47.5           72.5
   1131            2.5            75.
   1132             5.            75.
   1133            7.5            75.
   1134            10.            75.
   1135           12.5            75.
   1136            15.            75.
   1137           17.5            75.
   1138            20.            75.
   1139           22.5            75.
   1140            25.            75.
   1141           27.5            75.
   1142            30.            75.
   1143           32.5            75.
   1144            35.            75.
   1145           37.5            75.
   1146            40.            75.
   1147           42.5            75.
   1148            45.            75.
   1149           47.5            75.
   1150            2.5           77.5
   1151             5.           77.5
   1152            7.5           77.5
   1153            10.           77.5
   1154           12.5           77.5
   1155            15.           77.5
   1156           17.5           77.5
   1157            20.           77.5
   1158           22.5           77.5
   1159            25.           77.5
   1160           27.5           77.5
   1161            30.           77.5
   1162           32.5           77.5
   1163            35.           77.5
   1164           37.5           77.5
   1165            40.           77.5
   1166           42.5           77.5
   1167            45.           77.5
   1168           47.5           77.5
   1169            2.5            80.
   1170             5.            80.
   1171            7.5            80.
   1172            10.            80.
   1173           12.5            80.
   1174            15.            80.
   1175           17.5            80.
   1176            20.            80.
   1177           22.5            80.
   1178            25.            80.
   1179           27.5            80.
   1180            30.            80.
   1181           32.5            80.
   1182            35.            80.
   1183           37.5            80.
   1184            40.            80.
   1185           42.5            80.
   1186            45.            80.
   1187           47.5            80.
   1188            2.5           82.5
   1189             5.           82.5
   1190            7.5           82.5
   1191            10.           82.5
   1192           12.5           82.5
   1193            15.           82.5
   1194           17.5           82.5
   1195            20.           82.5
   1196           22.5           82.5
   1197            25.           82.5
   1198           27.5           82.5
   1199            30.           82.5
   1200           32.5           82.5
   1201            35.           82.5
   1202           37.5           82.5
   1203            40.           82.5
   1204           42.5           82.5
   1205            45.           82.5
   1206           47.5           82.5
   1207            2.5            85.
   1208             5.            85.
   1209            7.5            85.
   1210            10.            85.
   1211           12.5            85.
   1212            15.            85.
   1213           17.5            85.
   1214            20.            85.
   1215           22.5            85.
   1216            25.            85.
   1217           27.5            85.
   1218            30.            85.
   1219           32.5            85.
   1220            35.            85.
   1221           37.5            85.
   1222            40.            85.
   1223           42.5            85.
   1224            45.            85.
   1225           47.5            85.
   1226            2.5           87.5
   1227             5.           87.5
   1228            7.5           87.5
   1229            10.           87.5
   1230           12.5           87.5
   1231            15.           87.5
   1232           17.5           87.5
   1233            20.           87.5
   1234           22.5           87.5
   1235            25.           87.5
   1236           27.5           87.5
   1237            30.           87.5
   1238           32.5           87.5
   1239            35.           87.5
   1240           37.5           87.5
   1241            40.           87.5
   1242           42.5           87.5
   1243            45.           87.5
   1244           47.5           87.5
   1245            2.5            90.
   1246             5.            90.
   1247            7.5            90.
   1248            10.            90.
   1249           12.5            90.
   1250            15.            90.
   1251           17.5            90.
   1252            20.            90.
   1253           22.5            90.
   1254            25.            90.
   1255           27.5            90.
   1256            30.            90.
   1257           32.5            90.
   1258            35.            90.
   1259           37.5            90.
   1260            40.            90.
   1261           42.5            90.
   1262            45.            90.
   1263           47.5            90.
   1264            2.5           92.5
   1265             5.           92.5
   1266            7.5           92.5
   1267            10.           92.5
   1268           12.5           92.5
   1269            15.           92.5
   1270           17.5           92.5
   1271            20.           92.5
   1272           22.5           92.5
   1273            25.           92.5
   1274           27.5           92.5
   1275            30.           92.5
   1276           32.5           92.5
   1277            35.           92.5
   1278           37.5           92.5
   1279            40.           92.5
   1280           42.5           92.5
   1281            45.           92.5
   1282           47.5           92.5
   1283            2.5            95.
   1284             5.            95.
   1285            7.5            95.
   1286            10.            95.
   1287           12.5            95.
   1288            15.            95.
   1289           17.5            95.
   1290            20.            95.
   1291           22.5            95.
   1292            25.            95.
   1293           27.5            95.
   1294            30.            95.
   1295           32.5            95.
   1296            35.            95.
   1297           37.5            95.
   1298            40.            95.
   1299           42.5            95.
   1300            45.            95.
   1301           47.5            95.
   1302            2.5           97.5
   1303             5.           97.5
   1304            7.5           97.5
   1305            10.           97.5
   1306           12.5           97.5
   1307            15.           97.5
   1308           17.5           97.5
   1309            20.           97.5
   1310           22.5           97.5
   1311            25.           97.5
   1312           27.5           97.5
   1313            30.           97.5
   1314           32.5           97.5
   1315            35.           97.5
   1316           37.5           97.5
   1317            40.           97.5
   1318           42.5           97.5
   1319            45.           97.5
   1320           47.5           97.5
   1321           47.5           47.5
   1322            45.           47.5
   1323           42.5           47.5
   1324            40.           47.5
   1325           37.5           47.5
   1326            35.           47.5
   1327           32.5           47.5
   1328            30.           47.5
   1329           27.5           47.5
   1330            25.           47.5
   1331           22.5           47.5
   1332            20.           47.5
   1333           17.5           47.5
   1334            15.           47.5
   1335           12.5           47.5
   1336            10.           47.5
   1337            7.5           47.5
   1338             5.           47.5
   1339            2.5           47.5
   1340           47.5            45.
   1341            45.            45.
   1342           42.5            45.
   1343            40.            45.
   1344           37.5            45.
   1345            35.            45.
   1346           32.5            45.
   1347            30.            45.
   1348           27.5            45.
   1349            25.            45.
   1350           22.5            45.
   1351            20.            45.
   1352           17.5            45.
   1353            15.            45.
   1354           12.5            45.
   1355            10.            45.
   1356            7.5            45.
   1357             5.            45.
   1358            2.5            45.
   1359           47.5           42.5
   1360            45.           42.5
   1361           42.5           42.5
   1362            40.           42.5
   1363           37.5           42.5
   1364            35.           42.5
   1365           32.5           42.5
   1366            30.           42.5
   1367           27.5           42.5
   1368            25.           42.5
   1369           22.5           42.5
   1370            20.           42.5
   1371           17.5           42.5
   1372            15.           42.5
   1373           12.5           42.5
   1374            10.           42.5
   1375            7.5           42.5
   1376             5.           42.5
   1377            2.5           42.5
   1378           47.5            40.
   1379            45.            40.
   1380           42.5            40.
   1381            40.            40.
   1382           37.5            40.
   1383            35.            40.
   1384           32.5            40.
   1385            30.            40.
   1386           27.5            40.
   1387            25.            40.
   1388           22.5            40.
   1389            20.            40.
   1390           17.5            40.
   1391            15.            40.
   1392           12.5            40.
   1393            10.            40.
   1394            7.5            40.
   1395             5.            40.
   1396            2.5            40.
   1397           47.5           37.5
   1398            45.           37.5
   1399           42.5           37.5
   1400            40.           37.5
   1401           37.5           37.5
   1402            35.           37.5
   1403           32.5           37.5
   1404            30.           37.5
   1405           27.5           37.5
   1406            25.           37.5
   1407           22.5           37.5
   1408            20.           37.5
   1409           17.5           37.5
   1410            15.           37.5
   1411           12.5           37.5
   1412            10.           37.5
   1413            7.5           37.5
   1414             5.           37.5
   1415            2.5           37.5
   1416           47.5            35.
   1417            45.            35.
   1418           42.5            35.
   1419            40.            35.
   1420           37.5            35.
   1421            35.            35.
   1422           32.5            35.
   1423            30.            35.
   1424           27.5            35.
   1425            25.            35.
   1426           22.5            35.
   1427            20.            35.
   1428           17.5            35.
   1429            15.            35.
   1430           12.5            35.
   1431            10.            35.
   1432            7.5            35.
   1433             5.            35.
   1434            2.5            35.
   1435           47.5           32.5
   1436            45.           32.5
   1437           42.5           32.5
   1438            40.           32.5
   1439           37.5           32.5
   1440            35.           32.5
   1441           32.5           32.5
   1442            30.           32.5
   1443           27.5           32.5
   1444            25.           32.5
   1445           22.5           32.5
   1446            20.           32.5
   1447           17.5           32.5
   1448            15.           32.5
   1449           12.5           32.5
   1450            10.           32.5
   1451            7.5           32.5
   1452             5.           32.5
   1453            2.5           32.5
   1454           47.5            30.
   1455            45.            30.
   1456           42.5            30.
   1457            40.            30.
   1458           37.5            30.
   1459            35.            30.
   1460           32.5            30.
   1461            30.            30.
   1462           27.5            30.
   1463            25.            30.
   1464           22.5            30.
   1465            20.            30.
   1466           17.5            30.
   1467            15.            30.
   1468           12.5            30.
   1469            10.            30.
   1470            7.5            30.
   1471             5.            30.
   1472            2.5            30.
   1473           47.5           27.5
   1474            45.           27.5
   1475           42.5           27.5
   1476            40.           27.5
   1477           37.5           27.5
   1478            35.           27.5
   1479           32.5           27.5
   1480            30.           27.5
   1481           27.5           27.5
   1482            25.           27.5
   1483           22.5           27.5
   1484            20.           27.5
   1485           17.5           27.5
   1486            15.           27.5
   1487           12.5           27.5
   1488            10.           27.5
   1489            7.5           27.5
   1490             5.           27.5
   1491            2.5           27.5
   1492           47.5            25.
   1493            45.            25.
   1494           42.5            25.
   1495            40.            25.
   1496           37.5            25.
   1497            35.            25.
   1498           32.5            25.
   1499            30.            25.
   1500           27.5            25.
   1501            25.            25.
   1502           22.5            25.
   1503            20.            25.
   1504           17.5            25.
   1505            15.            25.
   1506           12.5            25.
   1507            10.            25.
   1508            7.5            25.
   1509             5.            25.
   1510            2.5            25.
   1511           47.5           22.5
   1512            45.           22.5
   1513           42.5           22.5
   1514            40.           22.5
   1515           37.5           22.5
   1516            35.           22.5
   1517           32.5           22.5
   1518            30.           22.5
   1519           27.5           22.5
   1520            25.           22.5
   1521           22.5           22.5
   1522            20.           22.5
   1523           17.5           22.5
   1524            15.           22.5
   1525           12.5           22.5
   1526            10.           22.5
   1527            7.5           22.5
   1528             5.           22.5
   1529            2.5           22.5
   1530           47.5            20.
   1531            45.            20.
   1532           42.5            20.
   1533            40.            20.
   1534           37.5            20.
   1535            35.            20.
   1536           32.5            20.
   1537            30.            20.
   1538           27.5            20.
   1539            25.            20.
   1540           22.5            20.
   1541            20.            20.
   1542           17.5            20.
   1543            15.            20.
   1544           12.5            20.
   1545            10.            20.
   1546            7.5            20.
   1547             5.            20.
   1548            2.5            20.
   1549           47.5           17.5
   1550            45.           17.5
   1551           42.5           17.5
   1552            40.           17.5
   1553           37.5           17.5
   1554            35.           17.5
   1555           32.5           17.5
   1556            30.           17.5
   1557           27.5           17.5
   1558            25.           17.5
   1559           22.5           17.5
   1560            20.           17.5
   1561           17.5           17.5
   1562            15.           17.5
   1563           12.5           17.5
   1564            10.           17.5
   1565            7.5           17.5
   1566             5.           17.5
   1567            2.5           17.5
   1568           47.5            15.
   1569            45.            15.
   1570           42.5            15.
   1571            40.            15.
   1572           37.5            15.
   1573            35.            15.
   1574           32.5            15.
   1575            30.            15.
   1576           27.5            15.
   1577            25.            15.
   1578           22.5            15.
   1579            20.            15.
   1580           17.5            15.
   1581            15.            15.
   1582           12.5            15.
   1583            10.            15.
   1584            7.5            15.
   1585             5.            15.
   1586            2.5            15.
   1587           47.5           12.5
   1588            45.           12.5
   1589           42.5           12.5
   1590            40.           12.5
   1591           37.5           12.5
   1592            35.           12.5
   1593           32.5           12.5
   1594            30.           12.5
   1595           27.5           12.5
   1596            25.           12.5
   1597           22.5           12.5
   1598            20.           12.5
   1599           17.5           12.5
   1600            15.           12.5
   1601           12.5           12.5
   1602            10.           12.5
   1603            7.5           12.5
   1604             5.           12.5
   1605            2.5           12.5
   1606           47.5            10.
   1607            45.            10.
   1608           42.5            10.
   1609            40.            10.
   1610           37.5            10.
   1611            35.            10.
   1612           32.5            10.
   1613            30.            10.
   1614           27.5            10.
   1615            25.            10.
   1616           22.5            10.
   1617            20.            10.
   1618           17.5            10.
   1619            15.            10.
   1620           12.5            10.
   1621            10.            10.
   1622            7.5            10.
   1623             5.            10.
   1624            2.5            10.
   1625           47.5            7.5
   1626            45.            7.5
   1627           42.5            7.5
   1628            40.            7.5
   1629           37.5            7.5
   1630            35.            7.5
   1631           32.5            7.5
   1632            30.            7.5
   1633           27.5            7.5
   1634            25.            7.5
   1635           22.5            7.5
   1636            20.            7.5
   1637           17.5            7.5
   1638            15.            7.5
   1639           12.5            7.5
   1640            10.            7.5
   1641            7.5            7.5
   1642             5.            7.5
   1643            2.5            7.5
   1644           47.5             5.
   1645            45.             5.
   1646           42.5             5.
   1647            40.             5.
   1648           37.5             5.
   1649            35.             5.
   1650           32.5             5.
   1651            30.             5.
   1652           27.5             5.
   1653            25.             5.
   1654           22.5             5.
   1655            20.             5.
   1656           17.5             5.
   1657            15.             5.
   1658           12.5             5.
   1659            10.             5.
   1660            7.5             5.
   1661             5.             5.
   1662            2.5             5.
   1663           47.5            2.5
   1664            45.            2.5
   1665           42.5            2.5
   1666            40.            2.5
   1667           37.5            2.5
   1668            35.            2.5
   1669           32.5            2.5
   1670            30.            2.5
   1671           27.5            2.5
   1672            25.            2.5
   1673           22.5            2.5
   1674            20.            2.5
   1675           17.5            2.5
   1676            15.            2.5
   1677           12.5            2.5
   1678            10.            2.5
   1679            7.5            2.5
   1680             5.            2.5
   1681            2.5            2.5
   1682           47.5            50.
   1683            45.            50.
   1684           42.5            50.
   1685            40.            50.
   1686           37.5            50.
   1687            35.            50.
   1688           32.5            50.
   1689            30.            50.
   1690           27.5            50.
   1691            25.            50.
   1692           22.5            50.
   1693            20.            50.
   1694           17.5            50.
   1695            15.            50.
   1696           12.5            50.
   1697            10.            50.
   1698            7.5            50.
   1699             5.            50.
   1700            2.5            50.
   1701             0.            50.